011000001
001100111
011000000
000100000
001100001
001100010
011000000
001100011
001100100
001100101
001010101
011010001
001100110
001010101
010110001
001101000
001111000
001101001
001010101
010110001
011010001
001101000
001111000
001101010
001010110
010110001
001101000
001111000
001101011
001010110
010110001
011010001
001101000
001111000
001101100
001011001
010011011
110000111
101010010
001011010
010011100
111000011
101001110
100001101
001011001
001101111
001011011
001101001
001011111
001101011
001011010
001101111
001011100
001101010
001011111
001101100
001011010
001001100
001101110
111000110
001011001
001001011
001101101
000000000
100000101
001011001
001001011
001000111
001101101
001011101
010010001
111000111
101001010
001011110
010010010
111000011
101000110
100000101
001011101
001100001
001011110
001100010
001010011
010011101
111000111
101001010
001010100
010011110
111000011
101000110
100000101
001011101
001100011
001011110
001100100
001010110
011010001
001100110
011001000
010110010
001101000
001010110
010011000
101001011
001010101
011010001
001100101
001011000
011011111
001101000
001010101
010011000
101000111
100001011
011000001
010110100
011011101
001101000
010101000
011000001
010110100
011011010
001101000
010101000
011001000
010110011
011010010
001101000
001010001
010001000
001011000
011010001
001101000
001010010
010001000
001011000
011010001
001101000
001010011
010001000
001011000
011010001
001101000
001010100
010001000
100000000